@ tasks 30
T0 7 1(7) 2c(min30,31) 3(92) 4(6) 5c(ex(>10),8) 6(44) 7(10) 
T1 10 8(66) 9(70) 10(38) 11(3) 12(89) 13(77) 14(78) 15(24) 16(46) 17(47) 
T2 5 18(40) 19c(ex(<8),46) 20c(ex(<8),47) 21(87) 22(5) 
T3 0 
T4 1 23(72) 
T5 2 24(100) 25(22) 
T6 1 26(17) 
T7 0 
T8 1 27(72) 
T9 0 
T10 1 28(61) 
T11 0 
T12 1 29c(ex(>2), 4) 
T13 1 3(83) 
T14 0 
T15 1 7(100) 
T16 1 9(92) 
T17 0 
T18 0 
T19 1 11(75) 
T20 0 
T21 1 14(44) 
T22 1 17(33) 
T23 0 
T24 1 18c(min20,72) 
T25 0 
T26 1 20c(ex(7,20),94) 
T27 1 23(77) 
T28 0 
T29 0 
@ proc 6
180 0 1
225 0 1
560 0 1
1700 0 0
1115 0 0
1150 0 0
@ time 
221 195 277 85 10 53 
496 990 101 6 91 12 
421 256 681 57 34 76 
336 651 457 33 65 5 
807 697 702 41 32 40 
733 159 835 46 90 12 
724 300 121 65 0 17 
706 515 567 84 30 53 
192 194 894 21 86 5 
961 878 124 53 33 36 
253 714 787 64 22 75 
884 427 829 83 11 96 
793 568 663 97 21 77 
342 931 829 82 77 13 
720 685 499 71 84 1 
187 549 492 84 80 82 
256 657 243 0 41 100 
599 229 688 60 1 54 
580 388 405 86 8 56 
741 673 929 39 93 44 
536 730 613 52 1 74 
381 314 623 46 0 84 
679 789 276 35 15 100 
179 780 356 48 0 17 
236 205 730 22 80 96 
761 422 475 33 22 17 
114 879 289 20 13 18 
605 479 968 51 92 71 
641 830 501 46 5 53 
920 348 847 8 97 84 
@ costs 
T0 34 37 64 355 583 751 
T1 98 94 91 694 312 940 
T2 43 44 61 196 700 602 
T3 84 48 99 884 627 959 
T4 54 30 14 431 820 194 
T5 39 89 66 104 290 216 
T6 5 50 18 988 381 265 
T7 66 59 8 599 691 622 
T8 73 35 42 124 512 913 
T9 50 9 18 782 424 587 
T10 26 99 99 922 140 603 
T11 97 20 44 210 977 181 
T12 57 98 65 170 584 848 
T13 76 2 73 473 101 130 
T14 75 41 73 131 536 817 
T15 93 4 39 865 754 962 
T16 92 68 18 750 127 298 
T17 16 2 29 750 332 672 
T18 64 87 53 175 757 610 
T19 5 55 99 800 218 542 
T20 12 17 96 277 572 372 
T21 46 13 13 461 552 226 
T22 49 52 99 653 484 425 
T23 49 37 10 338 143 507 
T24 17 45 31 932 647 597 
T25 88 14 83 149 204 476 
T26 18 68 59 385 191 366 
T27 51 56 7 471 704 578 
T28 24 95 2 842 539 962 
T29 66 67 33 798 314 580 
@ comm 4
CHAN0 44 10 1 0 0 1 0 1 
CHAN1 199 10 0 0 0 0 1 1 
CHAN2 20 10 0 0 1 0 1 1 
CHAN3 36 10 1 1 0 1 0 0 

